2000
0 1
0 2
0 3
0 4
0 8
0 13
0 14
0 45
0 143
0 145
0 152
0 244
0 273
0 323
0 360
0 507
0 865
0 1062
0 1598
1 2
1 3
1 4
1 13
1 15
1 26
1 34
1 59
1 87
1 112
1 128
1 158
1 190
1 237
1 239
1 298
1 312
1 334
1 355
1 402
1 501
1 531
1 638
1 692
1 902
1 934
1 964
1 996
1 1273
1 1324
1 1329
1 1444
1 1501
1 1504
1 1585
1 1732
1 1836
2 3
2 4
2 5
2 6
2 10
2 11
2 18
2 19
2 24
2 29
2 75
2 80
2 83
2 90
2 138
2 140
2 158
2 163
2 178
2 247
2 265
2 268
2 333
2 344
2 348
2 367
2 369
2 380
2 471
2 600
2 612
2 635
2 688
2 702
2 759
2 782
2 800
2 827
2 833
2 866
2 893
2 952
2 1003
2 1008
2 1013
2 1044
2 1070
2 1086
2 1114
2 1144
2 1210
2 1286
2 1311
2 1322
2 1354
2 1384
2 1425
2 1444
2 1488
2 1626
2 1665
2 1890
2 1896
3 4
3 5
3 7
3 11
3 12
3 15
3 17
3 20
3 23
3 31
3 36
3 44
3 74
3 89
3 91
3 96
3 97
3 108
3 110
3 120
3 126
3 134
3 142
3 145
3 180
3 186
3 197
3 219
3 259
3 284
3 291
3 295
3 327
3 358
3 404
3 428
3 476
3 480
3 500
3 536
3 546
3 549
3 556
3 560
3 561
3 611
3 619
3 659
3 668
3 681
3 702
3 812
3 877
3 900
3 951
3 969
3 997
3 1001
3 1052
3 1058
3 1094
3 1123
3 1156
3 1159
3 1266
3 1332
3 1334
3 1546
3 1623
3 1630
3 1663
3 1664
3 1678
3 1729
3 1776
3 1802
3 1862
3 1887
4 6
4 7
4 8
4 9
4 27
4 38
4 60
4 79
4 102
4 108
4 133
4 143
4 169
4 179
4 188
4 193
4 208
4 222
4 270
4 311
4 322
4 337
4 359
4 376
4 385
4 414
4 483
4 513
4 519
4 548
4 563
4 588
4 672
4 685
4 816
4 822
4 933
4 951
4 977
4 1000
4 1011
4 1056
4 1057
4 1077
4 1096
4 1108
4 1220
4 1221
4 1237
4 1391
4 1432
4 1530
4 1632
4 1635
4 1691
4 1726
4 1733
4 1790
4 1798
4 1848
4 1870
4 1953
5 9
5 12
5 16
5 21
5 26
5 28
5 30
5 39
5 41
5 44
5 46
5 48
5 49
5 53
5 61
5 73
5 75
5 80
5 82
5 99
5 105
5 121
5 126
5 130
5 134
5 149
5 164
5 181
5 183
5 189
5 202
5 204
5 227
5 246
5 256
5 258
5 287
5 302
5 362
5 522
5 555
5 576
5 580
5 605
5 674
5 679
5 708
5 712
5 721
5 741
5 775
5 778
5 790
5 792
5 808
5 828
5 901
5 903
5 924
5 972
5 989
5 999
5 1074
5 1088
5 1097
5 1157
5 1175
5 1190
5 1290
5 1344
5 1387
5 1398
5 1423
5 1434
5 1445
5 1453
5 1487
5 1539
5 1590
5 1627
5 1653
5 1705
5 1715
5 1721
5 1769
5 1784
5 1903
5 1906
5 1949
5 1952
6 10
6 16
6 18
6 22
6 24
6 34
6 37
6 39
6 62
6 69
6 70
6 85
6 86
6 95
6 98
6 118
6 124
6 132
6 139
6 141
6 150
6 161
6 190
6 204
6 206
6 239
6 245
6 276
6 277
6 278
6 288
6 316
6 338
6 376
6 385
6 429
6 433
6 469
6 486
6 531
6 636
6 728
6 800
6 823
6 831
6 841
6 898
6 928
6 980
6 1022
6 1081
6 1109
6 1112
6 1127
6 1160
6 1216
6 1223
6 1247
6 1280
6 1396
6 1420
6 1426
6 1438
6 1450
6 1479
6 1511
6 1533
6 1699
6 1706
6 1751
6 1764
6 1821
6 1855
6 1942
6 1960
7 42
7 66
7 96
7 98
7 100
7 102
7 144
7 218
7 296
7 324
7 412
7 451
7 472
7 630
7 643
7 691
7 1060
7 1071
7 1204
7 1246
7 1252
7 1275
7 1489
7 1609
7 1690
7 1826
8 14
8 37
8 43
8 54
8 144
8 532
8 690
8 1547
8 1558
8 1582
8 1931
9 146
9 434
9 621
9 1362
9 1502
9 1749
9 1778
10 66
10 85
10 114
10 153
10 197
10 322
10 323
10 341
10 453
10 457
10 565
10 646
10 682
10 751
10 783
10 812
10 907
10 931
10 955
10 982
10 985
10 1071
10 1234
10 1279
10 1402
10 1476
10 1563
10 1613
10 1748
10 1804
10 1840
10 1888
10 1912
10 1975
11 27
11 74
11 123
11 159
11 167
11 176
11 193
11 356
11 407
11 411
11 582
11 736
11 785
11 834
11 853
11 984
11 1037
11 1141
11 1147
11 1669
11 1712
11 1714
11 1791
11 1800
12 21
12 51
12 60
12 101
12 109
12 290
12 324
12 445
12 607
12 684
12 693
12 849
12 865
12 1355
12 1818
13 22
13 48
13 50
13 112
13 114
13 137
13 201
13 401
13 419
13 426
13 474
13 502
13 517
13 726
13 791
13 994
13 1036
13 1115
13 1268
13 1325
13 1418
13 1452
13 1483
13 1761
13 1762
13 1774
13 1801
13 1933
13 1988
14 33
14 68
14 148
14 174
14 194
14 305
14 357
14 387
14 455
14 478
14 651
14 699
14 758
14 919
14 940
14 1019
14 1117
14 1218
14 1395
14 1716
14 1744
14 1745
14 1758
15 65
15 88
15 91
15 93
15 154
15 261
15 335
15 511
15 638
15 1029
15 1042
15 1183
15 1281
15 1627
15 1961
15 1992
16 17
16 20
16 30
16 42
16 64
16 81
16 99
16 103
16 113
16 162
16 165
16 216
16 222
16 224
16 242
16 306
16 328
16 332
16 400
16 444
16 463
16 504
16 512
16 596
16 615
16 685
16 809
16 813
16 874
16 896
16 931
16 946
16 966
16 1050
16 1059
16 1096
16 1136
16 1235
16 1242
16 1439
16 1470
16 1472
16 1490
16 1524
16 1694
16 1697
16 1865
16 1932
17 23
17 25
17 29
17 32
17 33
17 45
17 47
17 52
17 54
17 57
17 58
17 63
17 64
17 72
17 101
17 127
17 129
17 169
17 183
17 209
17 251
17 254
17 257
17 259
17 350
17 353
17 361
17 364
17 424
17 425
17 492
17 507
17 526
17 538
17 551
17 553
17 620
17 722
17 723
17 740
17 801
17 847
17 863
17 874
17 913
17 929
17 961
17 1034
17 1048
17 1065
17 1102
17 1106
17 1135
17 1152
17 1209
17 1239
17 1260
17 1262
17 1342
17 1359
17 1418
17 1450
17 1499
17 1553
17 1601
17 1678
17 1726
17 1747
17 1788
17 1863
17 1888
17 1897
17 1904
17 1984
18 19
18 25
18 28
18 31
18 35
18 50
18 65
18 67
18 93
18 103
18 151
18 153
18 176
18 196
18 203
18 232
18 249
18 253
18 270
18 275
18 326
18 346
18 374
18 421
18 463
18 510
18 534
18 537
18 578
18 581
18 620
18 640
18 659
18 663
18 687
18 733
18 735
18 783
18 802
18 805
18 807
18 822
18 854
18 912
18 957
18 967
18 986
18 1059
18 1138
18 1238
18 1421
18 1459
18 1540
18 1661
18 1675
18 1717
18 1750
18 1772
18 1786
18 1861
18 1924
18 1946
18 1948
18 1993
19 212
19 243
19 538
19 1077
19 1282
19 1756
19 1842
20 78
20 1818
20 1846
20 1965
21 168
21 462
21 489
21 668
21 696
21 1044
21 1792
21 1971
22 86
22 116
22 147
22 250
22 276
22 279
22 336
22 557
22 642
22 647
22 870
22 998
22 1344
22 1391
22 1529
22 1760
23 63
23 71
23 161
23 189
23 218
23 292
23 338
23 341
23 375
23 415
23 438
23 447
23 523
23 606
23 666
23 786
23 825
23 827
23 935
23 992
23 1113
23 1116
23 1207
23 1241
23 1320
23 1334
23 1480
23 1579
23 1970
24 36
24 87
24 89
24 94
24 207
24 221
24 266
24 574
24 582
24 880
24 916
24 1040
24 1235
24 1360
24 1550
24 1670
24 1779
25 32
25 76
25 111
25 148
25 246
25 286
25 427
25 491
25 508
25 537
25 559
25 703
25 844
25 890
25 1211
25 1292
25 1372
25 1454
25 1480
25 1535
25 1655
25 1704
25 1827
25 1909
26 107
26 109
26 110
26 157
26 163
26 185
26 285
26 288
26 297
26 387
26 461
26 559
26 628
26 646
26 654
26 688
26 696
26 722
26 817
26 837
26 839
26 983
26 1004
26 1139
26 1225
26 1500
26 1605
26 1617
26 1693
26 1998
27 38
27 71
27 97
27 104
27 122
27 225
27 330
27 384
27 568
27 594
27 624
27 637
27 848
27 859
27 1254
27 1341
27 1610
27 1639
27 1702
27 1722
27 1854
27 1857
28 35
28 55
28 56
28 166
28 233
28 320
28 551
28 566
28 605
28 658
28 660
28 828
28 941
28 1157
28 1645
29 40
29 49
29 53
29 77
29 92
29 113
29 131
29 170
29 175
29 212
29 336
29 354
29 549
29 636
29 642
29 662
29 793
29 925
29 962
29 991
29 1085
29 1305
29 1407
29 1446
29 1570
29 1920
30 215
30 234
30 354
30 396
30 615
30 640
30 824
30 1217
30 1827
31 649
31 1552
32 52
32 76
32 82
32 298
32 366
32 454
32 614
32 643
32 706
32 718
32 778
32 1197
32 1280
32 1505
32 1630
32 1638
32 1718
32 1969
33 289
33 420
33 584
34 46
34 73
34 79
34 213
34 244
34 253
34 291
34 297
34 315
34 326
34 339
34 420
34 458
34 461
34 479
34 484
34 534
34 567
34 569
34 604
34 619
34 637
34 712
34 772
34 813
34 832
34 937
34 1105
34 1132
34 1283
34 1293
34 1316
34 1477
34 1522
34 1541
34 1673
34 1870
34 1878
34 1902
34 1958
35 41
35 57
35 58
35 62
35 117
35 131
35 304
35 395
35 468
35 477
35 497
35 521
35 539
35 665
35 835
35 842
35 1255
35 1328
35 1346
35 1357
36 51
36 55
36 56
36 200
36 217
36 593
36 842
36 1094
36 1174
36 1365
36 1398
36 1466
36 1607
36 1907
36 1982
37 117
37 220
37 232
37 469
37 570
37 594
37 669
37 829
37 924
37 981
37 1083
37 1220
37 1249
37 1494
37 1541
38 43
38 137
38 229
38 313
38 371
38 379
38 502
38 746
38 763
38 872
38 969
38 1295
38 1686
38 1763
38 1826
39 40
39 171
39 247
39 303
39 450
39 539
39 601
39 1031
39 1090
39 1192
39 1631
39 1642
39 1667
40 820
40 1151
41 47
41 72
41 90
41 100
41 123
41 205
41 264
41 329
41 343
41 347
41 363
41 443
41 447
41 459
41 465
41 488
41 535
41 536
41 542
41 610
41 622
41 824
41 906
41 1072
41 1105
41 1223
41 1378
41 1382
41 1710
42 138
42 203
42 306
42 790
42 819
43 94
43 166
43 489
44 70
44 88
44 120
44 125
44 155
44 160
44 167
44 201
44 231
44 252
44 293
44 359
44 397
44 490
44 525
44 543
44 603
44 633
44 639
44 673
44 727
44 871
44 923
44 973
44 1091
44 1142
44 1187
44 1189
44 1314
44 1317
44 1327
44 1422
44 1425
44 1437
44 1508
44 1596
44 1641
44 1657
44 1661
44 1700
44 1835
44 1938
45 78
45 254
45 287
45 734
45 826
45 861
45 961
45 975
45 1012
45 1406
46 111
46 258
46 304
46 1834
47 95
47 136
47 147
47 160
47 173
47 229
47 240
47 476
47 511
47 1124
47 1941
48 107
48 141
48 243
48 379
48 581
48 587
48 671
48 700
48 950
48 1150
48 1602
48 1764
48 1845
49 59
49 623
50 272
50 299
50 378
50 1098
50 1979
51 106
51 467
51 676
51 836
51 1034
51 1208
51 1579
52 61
52 286
52 492
52 1076
52 1833
53 67
53 223
53 316
53 319
53 524
53 530
53 558
53 631
53 1085
53 1256
53 1463
53 1536
53 1611
53 1687
53 1999
54 219
54 350
54 618
54 632
54 1084
54 1388
54 1763
54 1839
55 119
55 274
55 1017
55 1198
55 1734
55 1887
55 1890
56 746
56 1055
56 1253
57 104
57 124
57 227
57 250
57 260
57 334
57 410
57 417
57 547
57 681
57 816
57 1056
57 1141
57 1201
57 1365
57 1416
57 1525
57 1651
57 1711
57 1781
57 1787
57 1877
57 1940
58 84
59 185
59 207
59 216
59 242
59 260
59 503
59 616
59 752
59 757
59 804
59 882
59 906
59 996
59 1276
59 1352
59 1376
59 1531
59 1798
60 118
60 125
60 211
60 428
60 895
60 1383
60 1455
60 1671
60 1957
61 352
61 393
61 521
61 1180
61 1290
61 1336
61 1934
61 1957
62 172
62 280
62 377
62 697
62 941
62 1036
62 1258
62 1559
62 1937
63 77
63 269
63 290
63 1122
63 1551
64 1350
65 202
65 279
65 352
65 499
65 1267
67 68
67 69
67 92
67 115
67 128
67 191
67 194
67 233
67 310
67 373
67 481
67 495
67 705
67 719
67 830
67 1057
67 1121
67 1133
67 1137
67 1270
67 1470
67 1502
67 1703
67 1775
68 424
68 562
68 1421
68 1572
68 1662
68 1904
69 321
69 579
69 707
69 1388
70 172
70 452
70 516
70 541
70 591
70 596
70 602
70 683
70 733
70 1351
70 1397
70 1442
70 1483
70 1561
70 1594
70 1811
72 296
72 366
72 371
72 811
72 910
72 1367
72 1513
72 1844
73 106
73 208
73 271
73 340
73 417
73 453
73 669
73 724
73 737
73 825
73 956
73 1326
73 1638
73 1741
74 83
74 1621
75 325
75 1834
76 121
76 174
76 348
76 486
76 547
76 697
76 1000
76 1262
76 1380
76 1625
78 880
78 1597
79 81
79 122
79 156
79 235
79 245
79 267
79 269
79 313
79 329
79 388
79 457
79 586
79 618
79 719
79 734
79 803
79 808
79 917
79 1064
79 1189
79 1358
79 1428
80 84
80 127
80 256
80 485
80 603
80 934
80 1806
81 116
81 135
81 797
81 1288
82 119
82 135
82 139
82 206
82 423
82 1279
83 361
83 855
83 1360
84 1250
84 1539
85 550
85 555
86 195
86 210
86 744
86 1068
86 1348
86 1603
86 1832
86 1868
87 1211
87 1574
87 1648
87 1719
88 231
88 332
88 416
88 465
88 806
88 1125
88 1565
89 132
89 195
89 255
89 283
89 303
89 367
89 390
89 572
89 599
89 601
89 660
89 797
89 856
89 1075
89 1250
89 1302
89 1321
89 1397
89 1401
89 1451
89 1569
89 1609
89 1683
89 1748
90 177
90 389
90 438
90 451
90 528
90 544
90 576
90 798
90 799
90 1534
90 1799
91 281
91 282
91 426
91 442
91 490
91 520
91 843
91 1110
91 1551
91 1590
91 1776
92 211
92 251
92 266
92 388
92 560
92 861
92 974
92 1100
92 1198
92 1426
92 1430
92 1824
93 224
93 422
93 1032
94 150
94 1039
95 1103
96 115
96 191
96 331
96 333
96 358
96 482
96 750
96 979
96 1171
96 1347
97 146
97 995
97 1210
98 105
98 130
98 133
98 317
98 405
98 568
98 598
98 870
98 891
98 899
98 1027
98 1087
98 1272
98 1666
98 1902
99 1746
100 129
100 431
100 566
100 948
100 1237
100 1614
100 1980
101 315
101 346
101 491
101 789
101 1158
101 1159
101 1624
101 1738
102 652
102 762
102 1604
102 1653
103 710
103 1269
103 1353
103 1900
104 192
104 365
105 888
106 179
106 1030
106 1341
106 1448
107 157
107 294
107 310
107 396
107 442
107 672
107 726
107 989
107 1423
107 1554
107 1704
107 1959
107 1990
108 140
108 262
108 616
108 846
108 875
108 1023
108 1117
108 1166
108 1707
109 142
109 154
109 272
109 598
109 703
109 782
109 915
109 1287
109 1383
109 1464
109 1505
110 187
110 271
110 398
110 550
110 745
110 1188
111 196
111 319
111 554
111 1172
111 1686
112 240
112 403
112 698
112 768
112 873
112 902
112 1271
113 159
113 730
114 182
114 1872
114 1954
116 464
116 881
116 980
116 1393
117 149
117 177
117 435
117 585
117 793
117 876
117 1014
117 1200
118 677
118 686
118 1261
118 1542
118 1979
119 151
119 168
119 200
119 609
119 1402
119 1445
119 1825
120 578
120 1998
121 192
121 418
121 614
121 858
121 960
122 136
123 264
123 427
124 282
124 1072
124 1435
124 1467
125 342
125 412
125 448
125 1309
125 1515
126 181
126 318
126 607
126 656
126 805
126 1092
126 1306
126 1381
126 1570
126 1633
127 156
127 209
127 362
127 1553
127 1745
128 164
128 217
128 456
128 788
128 908
128 1190
129 347
129 394
129 441
129 1103
129 1520
129 1731
129 1807
130 235
130 395
130 472
130 527
130 567
130 658
130 753
130 1256
130 1811
131 210
131 400
132 1233
133 289
133 556
134 226
134 241
134 248
134 255
134 349
134 473
134 518
134 1351
135 273
135 283
135 418
135 754
135 886
136 165
136 178
136 411
136 548
136 661
136 713
136 779
136 1051
136 1161
136 1364
137 152
137 236
137 353
137 610
137 945
137 1375
137 1451
137 1831
137 1946
140 215
140 220
140 223
140 237
140 320
140 503
140 639
140 766
140 916
140 1340
140 1675
140 1989
140 1994
141 406
141 501
141 670
141 798
141 810
141 1107
141 1246
141 1660
142 184
142 188
142 493
142 597
142 1139
142 1263
142 1296
142 1545
142 1578
142 1891
143 392
143 441
143 994
143 1417
143 1829
143 1949
143 1962
144 762
144 1234
145 261
145 604
145 774
145 1167
145 1242
145 1817
145 1968
146 170
146 175
146 182
146 199
146 308
146 314
146 430
146 662
146 764
146 926
146 1646
147 262
147 275
147 409
147 779
147 826
147 867
147 1026
147 1528
147 1790
148 764
148 836
148 1030
148 1184
150 155
150 252
150 571
150 811
150 1612
150 1658
151 602
151 1305
151 1865
151 1893
152 162
152 268
152 557
152 965
152 1733
153 344
153 402
153 992
154 901
154 1621
154 1756
155 230
155 238
155 656
155 802
155 879
155 1046
155 1216
155 1240
155 1373
156 691
157 184
157 499
157 1140
158 368
158 1155
158 1867
158 1913
159 187
161 810
161 1206
162 205
162 1528
163 257
163 475
163 515
163 679
163 794
163 1069
163 1209
163 1259
163 1363
163 1460
163 1782
163 1924
163 1964
164 263
164 563
164 1132
164 1236
165 508
165 670
165 978
165 988
165 991
165 1655
165 1928
166 171
166 228
166 372
166 408
166 546
166 1214
166 1523
167 370
167 509
167 540
167 574
167 667
167 995
167 1082
167 1224
167 1422
167 1495
167 1929
168 173
168 180
168 300
168 520
168 552
168 830
168 904
168 1194
168 1213
168 1272
168 1739
168 1742
169 552
169 630
169 1001
169 1601
170 882
170 1186
171 213
171 226
172 238
172 622
172 935
172 1591
173 299
173 1512
174 892
175 293
175 423
175 446
175 871
175 1274
175 1577
176 403
176 545
176 761
176 883
176 887
176 1857
176 1923
177 230
177 249
177 351
177 587
177 1022
177 1254
177 1459
178 591
178 1361
179 198
179 199
179 881
179 1119
179 1317
179 1374
179 1460
179 1465
180 248
180 381
180 608
180 739
180 761
180 1858
180 1871
180 1881
181 1075
182 439
182 749
182 848
182 942
184 263
184 342
184 383
184 434
184 803
184 851
184 984
184 1007
184 1127
184 1269
184 1589
185 186
185 1513
185 1794
186 1177
186 1195
187 1043
187 1537
187 1951
188 294
189 356
189 391
189 718
190 1481
190 1663
191 393
191 562
191 701
191 864
191 1667
191 1947
192 236
192 331
192 410
192 415
192 584
192 821
192 875
192 1466
192 1587
192 1616
192 1676
192 1702
194 241
194 401
194 713
194 1026
194 1243
195 512
195 937
195 1892
196 302
196 487
196 625
196 840
196 1671
196 1991
197 198
197 305
197 496
197 720
197 775
197 1045
197 1646
197 1647
197 1962
198 228
198 1852
199 214
199 653
199 1058
199 1215
199 1252
199 1369
199 1471
199 1720
199 1838
200 760
200 818
200 833
200 841
200 1051
200 1370
200 1385
200 1793
200 1799
200 1905
201 437
201 572
201 716
202 433
202 498
202 1331
203 292
203 459
203 600
204 234
204 553
204 667
204 1073
205 307
205 335
205 1005
205 1143
205 1291
205 1348
206 467
206 634
206 650
206 936
207 221
207 309
207 405
207 416
207 891
207 1018
207 1179
207 1492
208 381
208 573
208 728
208 860
208 1318
208 1414
208 1581
208 1679
208 1759
209 773
210 318
210 363
210 386
210 710
210 1584
211 1375
212 378
212 449
212 1193
212 1249
213 214
213 500
213 742
213 888
213 922
213 1089
213 1923
214 429
214 1395
214 1670
216 421
216 1283
216 1298
216 1377
218 665
218 952
218 1047
218 1151
219 817
219 1412
220 225
220 267
220 277
220 938
220 1039
220 1477
220 1728
221 309
221 375
221 389
221 788
221 1119
221 1179
221 1493
221 1930
223 284
223 370
223 515
223 1182
223 1379
224 285
224 1265
225 437
225 558
226 432
226 853
227 483
227 505
227 1559
227 1598
229 274
229 443
229 1518
229 1520
230 834
230 999
230 1812
230 1895
231 321
231 1683
231 1783
232 440
232 818
232 932
232 1993
233 522
234 281
234 579
234 770
234 977
234 1170
235 383
235 432
235 695
235 1552
235 1652
236 314
236 570
236 731
236 1651
237 707
237 1812
239 327
239 1101
239 1328
239 1503
240 340
240 384
240 408
240 776
240 809
240 1512
241 1438
242 280
242 343
242 351
242 369
242 561
242 954
242 1185
242 1424
242 1540
242 1620
243 345
244 345
244 541
244 781
244 1078
244 1177
244 1350
247 399
247 514
247 814
247 922
247 1160
247 1169
248 772
248 780
249 686
249 1428
250 1390
251 300
252 357
252 1007
252 1452
253 498
253 652
253 987
253 1092
253 1443
254 488
254 1147
254 1174
254 1465
254 1542
255 540
255 1806
257 1877
258 295
258 460
258 648
258 815
258 1447
258 1777
258 1879
259 1831
259 1943
260 317
260 1061
260 1680
260 1850
261 1770
262 265
262 409
262 545
262 623
262 674
262 791
262 1822
263 397
263 524
263 909
263 1054
263 1304
263 1832
263 1858
263 1997
264 624
264 732
264 973
264 1509
265 700
266 689
266 1028
266 1213
268 1095
268 1259
268 1984
270 436
270 730
270 756
270 1025
271 349
271 480
271 1648
272 485
272 823
272 1024
272 1622
273 1025
273 1168
273 1312
273 1412
273 1608
273 1840
274 278
274 908
275 301
275 529
275 590
275 998
275 1003
275 1285
275 1286
275 1349
275 1580
275 1765
277 845
277 904
277 949
277 1310
277 1567
277 1615
277 1778
278 448
278 449
278 586
278 645
278 689
278 1106
278 1203
278 1427
278 1759
278 1972
279 664
279 1162
280 1009
280 1987
281 715
281 739
281 1322
282 497
282 648
282 699
282 1294
282 1851
283 339
283 736
283 1430
284 629
284 1780
284 1866
285 445
285 947
285 1027
285 1404
286 657
286 899
287 325
287 382
287 569
288 885
288 1097
289 355
289 617
289 650
289 814
289 917
289 1002
289 1777
290 392
290 617
290 1175
290 1199
291 312
291 1571
291 1595
291 1623
292 307
292 440
292 458
292 513
292 1308
293 328
293 365
294 792
295 504
296 470
296 714
296 786
296 1501
296 1643
296 1652
296 1713
296 1992
297 360
298 372
298 446
298 683
298 723
298 862
298 1222
298 1285
298 1319
298 1523
299 301
299 308
299 368
299 377
299 804
300 436
301 653
301 1711
303 386
303 430
303 462
303 852
303 868
303 894
303 930
303 1181
303 1182
303 1219
303 1735
305 629
305 1032
305 1901
308 543
308 599
308 857
308 1010
308 1224
308 1771
308 1883
308 1985
309 311
309 330
309 516
309 717
309 755
309 914
309 964
309 1053
310 435
310 752
310 1041
312 1126
312 1964
315 592
315 1154
315 1996
316 1699
316 1862
319 1239
320 770
320 983
320 1773
320 1864
321 1625
322 704
322 717
323 373
323 944
323 1024
323 1120
324 993
325 1508
325 1696
326 364
326 450
326 575
326 737
326 1120
326 1148
326 1228
326 1240
326 1371
326 1401
326 1676
326 1842
326 1876
327 391
327 840
327 1265
327 1484
327 1696
327 1729
328 466
328 893
328 900
331 337
331 407
331 676
331 765
331 959
331 1231
331 1615
333 380
335 422
335 452
335 585
335 1004
335 1125
335 1226
335 1274
335 1403
335 1454
335 1731
335 1823
337 468
337 533
337 884
337 1095
337 1194
338 889
338 1083
338 1583
338 1689
339 404
339 529
339 1492
339 1847
340 1212
340 1386
341 394
343 439
344 390
344 954
344 987
344 1429
345 456
345 626
345 1725
346 473
346 627
346 641
346 939
346 1714
346 1866
346 1884
347 903
350 523
350 654
350 886
350 919
350 1123
350 1161
350 1343
350 1682
350 1853
351 470
351 767
351 1052
351 1752
352 374
352 644
352 747
353 1659
354 821
354 1318
354 1432
354 1912
355 425
355 464
355 519
355 593
355 795
355 959
355 1309
355 1591
356 1723
357 930
357 1338
357 1385
357 1742
358 694
358 701
358 1754
358 1914
358 1963
359 955
360 1917
361 406
361 850
361 1281
361 1434
361 1500
361 1650
361 1703
362 527
362 675
362 869
362 1134
362 1297
363 1605
364 678
364 1251
364 1616
364 1961
366 413
366 1041
366 1400
366 1544
366 1576
366 1727
367 1457
368 518
368 678
368 721
368 757
368 1449
368 1510
368 1538
368 1723
368 1885
368 1983
369 709
370 382
370 399
370 496
370 655
370 1335
371 419
371 655
371 1035
371 1079
371 1476
372 431
372 632
372 706
373 413
374 1982
375 398
375 1321
376 720
378 1405
380 1531
381 878
382 680
383 454
383 1345
384 1378
386 414
386 466
386 517
386 971
386 1356
386 1700
387 475
387 530
388 592
388 671
388 771
388 1122
388 1970
389 1368
390 621
390 684
390 864
390 1248
390 1366
390 1440
391 760
392 528
392 967
392 1519
392 1697
394 455
395 657
395 911
395 1053
395 1822
396 613
396 1314
397 564
399 481
399 583
399 649
399 738
400 495
400 687
400 963
400 1009
400 1028
400 1050
400 1145
400 1185
400 1768
400 1894
402 477
402 494
405 695
405 1469
406 801
406 860
406 1417
407 1069
408 571
408 583
408 743
408 795
408 1684
409 525
409 1073
409 1208
409 1549
410 844
411 1313
413 1178
413 1565
413 1791
414 1640
415 1743
416 1017
416 1066
416 1413
417 510
417 634
417 1361
417 1514
417 1537
418 1382
419 506
419 1031
420 1588
421 956
421 1136
421 1244
423 727
424 829
424 947
424 1264
425 460
426 588
427 493
428 1307
428 1393
428 1614
428 1753
429 444
429 474
429 613
430 514
430 535
430 708
430 897
430 927
430 943
430 1296
430 1315
430 1357
430 1394
430 1440
430 1808
430 1813
430 1973
431 743
431 920
431 1264
431 1271
431 1399
432 751
432 1701
433 471
433 509
433 633
433 725
433 1153
433 1666
435 892
435 896
435 915
435 1046
435 1101
436 749
436 756
436 1803
437 506
437 990
437 1576
437 1916
438 484
438 729
438 765
438 1719
439 661
440 777
440 1230
441 482
442 597
442 663
442 1823
443 851
443 933
444 1080
444 1548
444 1586
445 479
445 1372
445 1489
445 1643
446 1662
447 595
447 807
447 857
447 927
447 1323
447 1684
447 1722
449 1461
449 1560
450 1146
451 716
451 741
451 1737
452 544
453 589
453 1927
454 1193
455 1245
455 1267
456 918
457 923
458 487
458 554
458 1560
459 589
460 715
461 478
461 1049
461 1967
462 970
462 1268
465 1935
466 1158
467 1045
468 914
468 1589
468 1650
469 1016
469 1546
470 1518
471 928
471 1573
472 1436
474 1029
475 1023
475 1140
475 1172
475 1291
478 753
478 965
478 1369
479 1408
479 1410
480 949
480 1219
481 494
481 894
483 742
483 769
483 1773
483 1897
484 711
484 758
484 1364
484 1898
485 1708
486 690
486 1354
486 1969
487 1618
488 1626
489 1760
490 505
490 832
490 978
490 1196
490 1243
490 1611
490 1725
490 1851
490 1853
490 1889
492 785
492 887
492 1347
494 577
494 745
495 724
495 1063
496 1128
497 532
497 564
497 845
497 1078
497 1405
497 1816
498 859
498 1033
499 796
500 1330
501 573
501 628
501 1019
501 1804
501 1944
503 1363
503 1747
504 1954
505 533
505 1201
505 1517
505 1688
506 787
507 815
507 1379
507 1761
509 889
509 1301
511 763
511 946
511 1104
511 1191
512 641
512 1011
512 1116
512 1693
513 526
513 675
513 1507
515 868
516 1848
517 1568
518 1320
519 577
519 677
519 942
519 1381
519 1913
520 768
521 647
521 771
521 1506
521 1629
524 1333
527 831
528 847
529 1498
529 1709
530 606
530 612
530 694
530 1797
530 1934
531 542
531 1640
532 1167
533 958
533 1100
534 1020
534 1040
535 872
535 1006
535 1556
537 565
537 1149
539 1772
540 1138
541 1081
543 1456
544 631
544 1154
545 838
546 611
546 673
546 820
546 854
546 1225
546 1386
548 705
548 759
548 846
548 849
548 883
548 976
548 1299
548 1458
548 1596
549 609
550 1006
551 1076
551 1232
551 1298
551 1968
552 776
552 1558
552 1562
553 1134
555 799
555 1442
556 575
556 645
556 704
556 787
556 993
557 732
557 898
557 1837
558 595
559 1345
559 1724
560 1636
562 725
563 1308
563 1387
563 1766
563 1789
563 1792
563 1928
564 970
564 1109
565 1070
566 1976
568 651
568 1353
568 1603
570 1010
570 1339
571 863
571 1021
572 1228
572 1431
574 777
574 784
574 1335
574 1511
575 1352
577 580
578 943
578 1557
578 1631
578 1863
580 852
580 876
581 1142
581 1202
583 748
583 1016
583 1171
583 1462
584 1060
587 1739
588 590
588 1107
588 1297
589 1289
590 1581
590 1600
590 1981
591 843
591 958
591 1137
591 1340
592 1785
593 635
593 1324
595 625
595 1592
595 1688
595 1786
599 1532
599 1660
599 1677
600 744
600 1064
600 1871
601 608
601 921
601 1707
602 905
602 912
604 784
605 626
605 1173
605 1795
606 627
606 781
606 1289
606 1833
606 1983
608 1930
610 1180
610 1856
612 1918
614 1896
615 666
615 981
615 1146
617 1910
618 740
618 1942
620 1222
620 1574
620 1583
621 966
621 1108
621 1685
623 692
625 1012
625 1301
625 1406
625 1577
625 1803
626 950
626 1543
627 1433
629 711
629 885
629 920
629 1261
629 1366
630 909
630 1187
632 644
632 1487
632 1665
632 1880
633 1535
634 693
636 698
639 714
639 729
639 944
639 1303
640 1038
641 750
641 1102
641 1471
642 1062
642 1814
645 738
645 1337
645 1765
646 748
646 1065
646 1411
647 985
647 1205
647 1554
648 780
648 796
648 1989
649 1544
651 953
651 1063
651 1164
651 1197
652 837
652 873
652 1325
654 664
654 1766
655 895
656 819
656 1277
659 839
659 1497
659 1668
659 1744
662 1302
663 1838
664 794
664 1245
664 1712
665 709
665 1419
665 1971
665 1986
666 680
666 1162
666 1732
669 1389
671 1084
671 1573
672 1368
673 754
674 682
675 1674
676 1754
678 1886
679 835
679 867
679 1156
679 1801
680 1300
680 1392
683 1373
685 1564
686 1580
687 1311
687 1973
688 747
690 1155
691 948
691 1091
692 755
694 878
694 910
694 1478
694 1606
696 921
696 1821
697 767
697 957
697 986
697 1236
697 1419
697 1575
697 1996
701 1042
701 1941
706 1018
707 838
708 735
708 806
709 1135
710 1163
711 1013
711 1168
711 1221
711 1331
711 1479
711 1929
712 769
712 1014
713 897
713 1491
714 1148
714 1524
717 1126
717 1649
718 731
719 1067
719 1474
719 1869
720 936
720 1111
720 1952
723 1087
723 1468
724 1399
724 1547
724 1945
726 862
726 1098
727 855
727 1166
728 774
729 890
729 1150
730 766
730 773
730 1413
733 1485
735 1047
736 974
736 1692
737 1118
737 1199
738 1067
738 1258
741 1104
741 1188
741 1207
741 1641
741 1810
742 940
742 1284
742 1316
742 1692
745 1111
746 939
747 932
747 1054
749 979
749 1586
751 1186
751 1441
751 1486
752 850
752 1275
752 1869
753 1698
755 1191
755 1718
755 1980
756 1130
756 1721
756 1917
758 1408
758 1463
759 1473
760 1680
761 968
763 1475
763 1672
764 971
764 1299
764 1343
764 1694
766 1292
768 1482
769 1767
769 1843
770 926
774 1893
775 911
775 1015
775 1143
775 1958
777 1514
777 1642
778 856
778 1079
778 1336
779 1074
780 1356
780 1932
781 1110
781 1192
781 1709
781 1752
782 789
782 1295
782 1403
782 1854
783 1093
783 1099
783 1588
788 929
788 1149
789 1656
789 1933
790 990
790 1169
790 1241
790 1534
790 1620
790 1728
790 1753
791 1008
791 1895
792 1206
793 1227
796 1086
796 1145
799 1304
799 1494
800 1800
801 1043
802 1021
802 1329
802 1936
803 869
803 1469
804 1184
805 972
805 1115
805 1734
807 1217
808 1367
810 945
810 1313
810 1482
812 1768
813 866
813 877
815 1521
816 1415
816 1496
819 1287
820 1093
820 1165
820 1178
820 1449
823 1244
824 1131
825 1938
827 1144
827 1796
828 918
828 925
828 1276
828 1433
828 1698
828 1735
828 1943
832 913
832 1176
832 1266
832 1844
836 1945
837 1048
837 1690
837 1922
839 1937
840 1035
842 1273
842 1384
842 1453
842 1619
842 1920
843 1068
843 1495
845 1319
845 1491
848 1082
848 1787
849 858
849 1173
852 963
852 1113
852 1497
852 1730
855 1948
858 1780
859 1212
859 1959
860 884
862 953
862 1654
865 1443
865 1516
865 1599
866 1131
866 1165
868 879
868 1810
869 1507
869 1634
871 1849
873 938
874 1461
875 1312
877 1529
879 1124
879 1377
880 1332
880 1873
882 905
883 1333
888 1606
889 1114
889 1326
890 907
890 1781
892 1458
892 1770
892 1916
894 1231
894 1556
895 1396
895 1481
895 1813
896 1846
897 1005
898 976
899 960
899 962
899 968
899 1170
899 1814
899 1995
904 1668
905 1555
906 1484
906 1796
907 1825
908 1080
911 1972
912 1020
912 1202
913 1337
913 1672
913 1889
917 1940
918 1819
919 1153
919 1247
920 1485
921 1002
921 1088
921 1899
926 1038
926 1420
926 1914
927 975
929 1390
930 1610
932 1133
932 1205
934 1061
934 1066
937 1089
937 1488
944 1099
944 1808
946 997
946 1238
946 1915
947 1015
947 1049
947 1226
947 1509
947 1852
949 1037
949 1229
949 1346
949 1410
949 1548
953 1342
955 1128
956 988
957 1820
957 1921
957 1950
962 1129
964 1033
964 1090
965 1681
966 1927
967 1374
970 1464
970 1607
970 1879
972 1218
972 1608
976 1431
980 982
982 1510
984 1439
985 1303
986 1847
990 1664
991 1701
994 1639
994 1830
998 1455
998 1592
999 1355
1000 1593
1001 1496
1002 1472
1003 1504
1006 1503
1008 1181
1008 1323
1009 1278
1009 1327
1009 1966
1010 1820
1016 1055
1016 1789
1018 1227
1022 1891
1022 1935
1026 1424
1027 1278
1029 1572
1029 1681
1032 1974
1035 1112
1036 1183
1036 1248
1037 1468
1037 1955
1038 1649
1039 1380
1042 1176
1042 1795
1044 1129
1044 1562
1044 1612
1044 1685
1044 1717
1044 1859
1044 1881
1044 1995
1047 1602
1048 1561
1051 1257
1051 1284
1052 1229
1052 1257
1053 1628
1054 1415
1054 1467
1055 1260
1056 1349
1056 1974
1058 1118
1060 1288
1061 1263
1064 1214
1065 1563
1065 1908
1066 1163
1066 1300
1068 1233
1070 1843
1071 1255
1083 1121
1083 1566
1083 1874
1100 1856
1103 1519
1108 1152
1108 1164
1108 1740
1108 1981
1113 1196
1113 1569
1113 1644
1114 1474
1116 1446
1116 1645
1118 1755
1119 1204
1119 1682
1120 1835
1120 1966
1120 1978
1121 1478
1124 1130
1128 1394
1130 1429
1130 1751
1130 1919
1132 1475
1132 1600
1133 1809
1135 1955
1136 1251
1137 1230
1137 1526
1138 1215
1140 1307
1144 1805
1146 1306
1146 1705
1148 1673
1151 1892
1155 1530
1158 1195
1158 1867
1160 1922
1166 1414
1167 1882
1169 1293
1169 1473
1171 1277
1175 1310
1176 1708
1179 1965
1181 1270
1181 1953
1182 1282
1182 1359
1182 1376
1182 1498
1182 1674
1182 1947
1183 1805
1185 1200
1187 1203
1188 1657
1189 1878
1191 1656
1193 1525
1199 1679
1199 1837
1203 1232
1203 1618
1204 1597
1207 1907
1209 1315
1209 1637
1211 1409
1212 1339
1215 1875
1217 1736
1219 1427
1219 1900
1224 1644
1225 1550
1225 1555
1225 1905
1225 1911
1227 1441
1227 1939
1228 1716
1230 1253
1230 1977
1231 1400
1231 1788
1235 1575
1238 1447
1240 1695
1241 1294
1241 1435
1242 1568
1242 1594
1243 1710
1243 1782
1245 1362
1245 1595
1249 1338
1253 1493
1253 1695
1255 1816
1258 1736
1259 1617
1261 1757
1262 1762
1267 1613
1267 1647
1268 1389
1270 1358
1272 1687
1273 1486
1273 1864
1275 1437
1284 1931
1287 1578
1289 1516
1292 1456
1293 1330
1294 1624
1294 1841
1295 1411
1302 1416
1302 1779
1306 1370
1307 1976
1310 1521
1312 1956
1315 1543
1315 1738
1316 1784
1318 1749
1318 1767
1318 1859
1319 1584
1320 1774
1321 1582
1324 1409
1330 1637
1335 1883
1336 1538
1336 1677
1336 1987
1337 1448
1337 1658
1338 1557
1339 1522
1340 1724
1340 1986
1343 1392
1343 1404
1345 1593
1346 1499
1349 1884
1351 1371
1351 1802
1352 1527
1355 1527
1358 1845
1360 1850
1366 1956
1368 1407
1373 1517
1373 1564
1373 1809
1379 1903
1380 1737
1384 1549
1384 1746
1384 1824
1385 1689
1386 1740
1387 1515
1393 1457
1397 1794
1402 1829
1406 1915
1409 1875
1411 1669
1411 1975
1412 1462
1412 1604
1413 1566
1414 1633
1417 1636
1417 1830
1417 1855
1425 1506
1425 1819
1426 1629
1427 1715
1430 1436
1436 1706
1436 1757
1437 1571
1438 1758
1442 1771
1444 1619
1449 1532
1449 1713
1450 1536
1451 1490
1466 1873
1467 1727
1474 1926
1475 1936
1481 1785
1481 1793
1484 1990
1485 1526
1485 1860
1488 1944
1494 1997
1495 1720
1501 1635
1502 1659
1504 1741
1513 1783
1516 1978
1517 1654
1521 1533
1525 1632
1529 1634
1530 1841
1531 1807
1535 1743
1535 1906
1536 1839
1536 1985
1541 1545
1541 1599
1541 1894
1554 1567
1554 1587
1561 1919
1570 1628
1578 1925
1578 1950
1579 1585
1596 1769
1607 1817
1607 1876
1608 1797
1609 1622
1611 1730
1618 1815
1628 1886
1629 1836
1629 1861
1637 1899
1640 1991
1646 1775
1646 1882
1646 1939
1651 1901
1658 1874
1658 1910
1664 1963
1667 1828
1670 1860
1673 1691
1677 1815
1680 1755
1696 1868
1697 1898
1699 1849
1702 1750
1703 1967
1713 1994
1753 1872
1753 1908
1782 1926
1787 1960
1791 1885
1810 1880
1813 1828
1836 1925
1841 1921
1844 1977
1848 1951
1874 1911
1891 1999
1899 1909
1917 1918
1923 1988
